-0.13689
-0.68427
-1.47043
-0.17835
-0.31400
-0.67252
-0.76251
-0.39837
0.52995
-0.22926
-0.36274
-0.53732
-0.72139
-0.31425
-1.04004
-1.04728
-0.95109
-0.18674
-0.80920
-0.20973
-0.65787
-0.23239
-0.22394
-0.17303
-0.78282
-0.71902
-0.63785
-0.28604
-0.40348
-0.22270
-0.13710
-0.83054
-1.15027
-0.52491
-0.31196
-1.06254
-0.53116
-0.84768
-0.43512
-0.49388
-0.56678
-0.61209
-1.53855
-0.21148
-0.89960
-0.86944
-0.58349
-0.85395
-0.50019
-0.78786
-0.20681
-0.69393
-0.12446
-0.95033
-0.85892
-0.28808
0.58100
-0.11315
0.17533
-0.23279
-0.60098
-0.92580
-0.22079
-0.45135
-0.49658
-0.17077
-1.29051
-1.07076
-0.61988
-1.43419
-0.59633
-0.18609
-0.30108
-0.73669
-0.22590
-0.14799
-0.73968
-0.38601
-1.35087
-0.39627
-0.48194
-1.05773
-0.63424
-1.55869
-0.13899
-0.51678
-0.22318
-1.03737
-0.80649
-0.75086
-0.93062
-0.53236
-0.09998
-0.84977
-1.27188
-1.28560
-0.65564
-0.84626
-0.51509
-1.09614
-1.01324
-0.87037
-0.89239
-0.18753
-0.06191
-0.30779
-0.31566
-0.84296
-1.14912
-0.61866
-0.93233
-0.38721
-0.64432
-0.43560
-0.75462
-0.96735
-0.75443
0.47526
-0.57564
-0.74858
-0.18284
-0.38461
-0.49870
-0.28827
-1.05532
-0.76074
-0.47896
-1.13494
