-0.23978
-1.02412
-1.23911
-0.93322
-1.74371
-0.95473
-2.28195
-1.05207
-1.05563
-1.21852
-0.74934
-1.77772
-1.04198
-1.43027
-0.99164
-0.36712
-1.22170
-1.55352
-1.56446
-0.63025
-0.71728
-0.39387
-0.76751
-0.74314
-0.50209
-1.04882
-0.33846
-0.96395
-0.33667
-0.01762
-1.40141
-0.97447
-1.80078
-1.61606
-0.77110
-1.34971
-1.19045
-0.48923
-0.22298
-0.47462
-0.16418
-0.72228
-1.51442
-1.42315
-0.73116
-1.30662
-1.82402
-0.43694
-1.14813
-0.95345
-0.28459
-1.32575
-0.85586
-0.28176
-0.80505
-0.31338
-0.27239
-0.87165
-0.16003
-0.88565
-0.98944
-1.23236
-0.74554
-1.55029
-0.87683
-0.99209
-0.47878
-0.25190
-1.63685
-2.58716
-0.62089
-1.83824
-0.67860
0.60891
-0.05768
-0.06676
-0.56384
0.00009
-0.19270
-0.11326
-0.93151
-1.20999
1.46873
-0.26386
0.28607
-1.31306
-0.25697
-1.05471
-0.15035
-0.29776
-0.15320
-1.70534
-2.46695
-1.23514
-1.37056
-0.96545
-1.38188
-1.54440
-0.61331
-0.81848
-0.86393
-0.37125
-1.71914
0.07070
-1.30706
-0.48493
-0.31591
-0.73564
-0.61438
-1.97529
0.97317
-0.10290
-1.01573
-0.52007
-1.97244
-1.72924
0.02238
-0.27205
-1.28556
-0.90564
-0.92298
-0.40087
-0.49204
-0.51599
-0.49941
0.35120
0.17752
-0.24610
