-0.20840
-0.85768
-1.06377
-0.87198
-1.07459
-0.41445
-1.79550
-1.33360
-0.96018
-0.32804
-0.80640
-1.17518
-1.22886
-1.31147
-1.07989
-0.70376
-1.30826
-1.29798
-1.93311
-0.38477
-0.76715
-0.30722
-0.67445
-0.31041
-0.33426
-1.64576
-0.28069
-0.74587
-0.42615
-0.49959
-1.25187
-0.77792
-1.45153
-1.15181
-1.09167
-1.16813
-0.97387
-1.02384
-0.27471
-1.07192
-0.57735
-1.41049
-1.49522
-1.66995
-1.08661
-0.80724
-1.69940
-0.36905
-1.22215
-1.70264
-0.39888
-0.88235
-0.75841
-0.92705
-1.26870
-0.54246
-0.43742
-1.07902
-0.66705
-1.14679
-1.22400
-1.37219
-0.99256
-1.54218
-1.21674
-0.83359
-0.77855
-0.26282
-1.49525
-1.92297
-0.69241
-1.14956
-0.76308
0.47330
-0.87234
-0.63541
-0.84567
-0.23636
-0.62756
-0.31087
-1.14231
-1.34333
0.66941
-0.30122
0.61795
-0.95407
-0.46803
-1.15860
-0.34612
-0.57231
-0.35424
-1.56399
-2.45320
-0.57975
-0.87754
-0.62787
-1.33927
-1.71871
-0.66391
-0.93191
-1.04594
-0.22668
-1.38578
-0.66148
-1.24126
-0.36227
-0.30302
-0.94656
-0.52813
-1.13299
0.45028
-0.26212
-1.16549
-0.45854
-1.97849
-1.35472
-0.04674
-0.60532
-1.41155
-0.98344
-1.00955
-0.28623
-0.60408
-1.02444
-0.60524
-0.31279
-0.33832
-0.30837
